0001 8
18
 0.99619466 0.965926 0.906308 0.81915236 0.70710725 0.5735771 0.42261916 0.2588201 0.08715687 -0.08715446
 -0.25881764 -0.42261687 -0.57357514 -0.70710546 -0.8191509 -0.9063069 -0.9659253 -0.99619454
18
 0.98480785 0.8660256 0.6427882 0.34202105 1.2675908e-6 -0.3420187 -0.6427862 -0.8660243 -0.98480743 -0.98480827
 -0.8660268 -0.6427901 -0.34202322 -3.8027724e-6 0.3420165 0.64278424 0.8660232 0.98480695
18
 0.965926 0.70710725 0.2588201 -0.25881764 -0.70710546 -0.9659253 -0.9659266 -0.70710903 -0.25882268 0.25881532
 0.70710367 0.96592456 0.9659271 0.7071108 0.25882512 -0.2588124 -0.7071019 -0.965924
18
 0.9396928 0.5000007 -0.17364678 -0.76604325 -1.0 -0.76604646 -0.17365189 0.49999622 0.93969107 0.93969446
 0.500005 -0.1736419 -0.76604027 -0.99999994 -0.76604944 -0.17365688 0.49999225 0.9396892
18
 0.906308 0.2588201 -0.57357514 -0.99619454 -0.70710903 0.08715194 0.8191495 0.9659271 0.42262352 -0.42261204
 -0.965924 -0.8191568 -0.0871641 0.70710003 0.9961955 0.57358533 -0.25880754 -0.9063027
18
 0.8660256 1.2675908e-6 -0.8660243 -0.8660268 -3.8027724e-6 0.8660232 0.8660282 6.3379543e-6 -0.8660217 -0.86602926
 -8.873136e-6 0.8660204 0.8660306 1.1408318e-5 -0.8660191 -0.86603224 -1.39435e-5 0.8660184
18
 0.81915236 -0.25881764 -0.99619454 -0.42262125 0.70710367 0.90630996 -0.08714941 -0.965924 -0.57358325 0.5735687
 0.9659286 0.08716662 -0.9063027 -0.7071156 0.422606 0.996196 0.25883445 -0.8191422
18
 0.76604486 -0.4999986 -0.9396936 0.17364441 1.0 0.17365438 -0.93969005 -0.5000076 0.76603866 0.76605105
 -0.49999005 -0.93969697 0.17363536 1.0 0.17366344 -0.93968666 -0.50001556 0.7660315
