0002 18
 10 7
 1.0 1.0 1.0 1.0 0.6666667 0.33333334 0.0
 10 10
 0.0 0.33333334 0.6666667 1.0 1.0 1.0 1.0 0.6666667 0.33333334 0.0
 13 10
 0.0 0.33333334 0.6666667 1.0 1.0 1.0 1.0 0.6666667 0.33333334 0.0
 16 11
 0.0 0.33333334 0.6666667 1.0 1.0 1.0 1.0 0.75 0.5 0.25
 0.0
 19 11
 0.0 0.33333334 0.6666667 1.0 1.0 1.0 1.0 1.0 0.6666667 0.33333334
 0.0
 22 11
 0.0 0.25 0.5 0.75 1.0 1.0 1.0 1.0 0.6666667 0.33333334
 0.0
 26 10
 0.0 0.33333334 0.6666667 1.0 1.0 1.0 1.0 0.6666667 0.33333334 0.0
 29 11
 0.0 0.33333334 0.6666667 1.0 1.0 1.0 1.0 0.75 0.5 0.25
 0.0
 32 13
 0.0 0.33333334 0.6666667 1.0 1.0 1.0 1.0 1.0 0.8 0.6
 0.4 0.2 0.0
 35 15
 0.0 0.25 0.5 0.75 1.0 1.0 1.0 1.0 1.0 1.0
 0.8 0.6 0.4 0.2 0.0
 39 17
 0.0 0.2 0.4 0.6 0.8 1.0 1.0 1.0 1.0 1.0
 1.0 0.8333333 0.6666667 0.5 0.33333334 0.16666667 0.0
 44 18
 0.0 0.2 0.4 0.6 0.8 1.0 1.0 1.0 1.0 1.0
 1.0 1.0 0.8333333 0.6666667 0.5 0.33333334 0.16666667 0.0
 49 20
 0.0 0.16666667 0.33333334 0.5 0.6666667 0.8333333 1.0 1.0 1.0 1.0
 1.0 1.0 1.0 0.85714287 0.71428573 0.5714286 0.42857143 0.2857143 0.14285715 0.0
 55 21
 0.0 0.16666667 0.33333334 0.5 0.6666667 0.8333333 1.0 1.0 1.0 1.0
 1.0 1.0 1.0 1.0 0.85714287 0.71428573 0.5714286 0.42857143 0.2857143 0.14285715
 0.0
 61 23
 0.0 0.14285715 0.2857143 0.42857143 0.5714286 0.71428573 0.85714287 1.0 1.0 1.0
 1.0 1.0 1.0 1.0 1.0 0.875 0.75 0.625 0.5 0.375
 0.25 0.125 0.0
 68 25
 0.0 0.14285715 0.2857143 0.42857143 0.5714286 0.71428573 0.85714287 1.0 1.0 1.0
 1.0 1.0 1.0 1.0 1.0 1.0 0.8888889 0.7777778 0.6666667 0.5555556
 0.44444445 0.33333334 0.22222222 0.11111111 0.0
 75 27
 0.0 0.125 0.25 0.375 0.5 0.625 0.75 0.875 1.0 1.0
 1.0 1.0 1.0 1.0 1.0 1.0 1.0 1.0 0.8888889 0.7777778
 0.6666667 0.5555556 0.44444445 0.33333334 0.22222222 0.11111111 0.0
 83 24
 0.0 0.11111111 0.22222222 0.33333334 0.44444445 0.5555556 0.6666667 0.7777778 0.8888889 1.0
 1.0 1.0 1.0 1.0 1.0 1.0 1.0 1.0 1.0 1.0
 1.0 1.0 1.0 1.0
