0000
256
0.08000001
0.080218166
0.080872476
0.08196229
0.08348656
0.085443854
0.08783239
0.090649754
0.09389338
0.09756017
0.10164669
0.10614896
0.111062795
0.11638346
0.122105986
0.12822491
0.13473436
0.1416283
0.14890009
0.1565429
0.16454941
0.17291203
0.18162292
0.19067374
0.20005596
0.20976052
0.21977842
0.23010004
0.24071562
0.25161508
0.2627881
0.27422407
0.28591213
0.29784125
0.31
0.322377
0.3349604
0.34773827
0.36069852
0.3738289
0.38711682
0.40054983
0.41411504
0.42779973
0.4415908
0.45547527
0.46943986
0.48347142
0.49755663
0.51168203
0.5258343
0.54
0.5541658
0.56831807
0.58244354
0.59652865
0.61056024
0.62452483
0.63840926
0.65220034
0.66588503
0.6794503
0.69288325
0.70617115
0.7193016
0.7322618
0.74503976
0.7576231
0.77000004
0.78215885
0.794088
0.805776
0.817212
0.828385
0.83928454
0.84990007
0.8602217
0.8702395
0.8799442
0.88932633
0.8983771
0.90708804
0.9154507
0.92345715
0.93109995
0.9383718
0.94526565
0.9517752
0.9578941
0.96361667
0.9689373
0.9738511
0.9783534
0.9824399
0.9861067
0.9893503
0.9921677
0.9945562
0.9965135
0.99803776
0.9991276
0.9997819
1.0
0.99978185
0.9991276
0.99803776
0.9965135
0.9945562
0.99216765
0.98935026
0.98610663
0.9824399
0.9783533
0.9738511
0.9689373
0.96361655
0.957894
0.95177513
0.94526565
0.93837166
0.9310999
0.92345715
0.9154506
0.9070879
0.89837706
0.8893263
0.8799441
0.87023944
0.8602216
0.8499
0.8392844
0.828385
0.81721187
0.8057759
0.7940879
0.78215873
0.77
0.7576231
0.7450397
0.73226184
0.7193014
0.7061711
0.69288313
0.67945015
0.665885
0.65220034
0.63840926
0.62452465
0.61056006
0.59652853
0.58244336
0.56831795
0.5541657
0.54
0.5258343
0.51168185
0.49755645
0.4834713
0.46943977
0.45547518
0.4415908
0.4277997
0.41411483
0.40054965
0.38711667
0.37382877
0.36069846
0.3477382
0.33496037
0.32237697
0.30999985
0.29784107
0.28591204
0.27422398
0.26278803
0.25161505
0.2407156
0.23009986
0.21977824
0.20976043
0.20005581
0.19067368
0.1816229
0.17291203
0.16454947
0.15654278
0.14890006
0.14162827
0.13473433
0.12822488
0.122105956
0.11638346
0.111062676
0.1061489
0.10164663
0.09756017
0.09389338
0.090649724
0.08783233
0.085443854
0.08348653
0.08196226
0.08087242
0.080218166
0.08000001
0.0
0.0
0.0
0.0
0.0
0.0
0.0
0.0
0.0
0.0
0.0
0.0
0.0
0.0
0.0
0.0
0.0
0.0
0.0
0.0
0.0
0.0
0.0
0.0
0.0
0.0
0.0
0.0
0.0
0.0
0.0
0.0
0.0
0.0
0.0
0.0
0.0
0.0
0.0
0.0
0.0
0.0
0.0
0.0
0.0
0.0
0.0
0.0
0.0
0.0
0.0
