0002 25 
 3 8 
 1.0 1.0 1.0 1.0 0.75 0.5 0.25 0.0
 3 11 
 0.0 0.33333334 0.6666667 1.0 1.0 1.0 1.0 1.0
 0.6666667 0.33333334 0.0
 6 11 
 0.0 0.25 0.5 0.75 1.0 1.0 1.0 1.0
 0.6666667 0.33333334 0.0
 10 10 
 0.0 0.33333334 0.6666667 1.0 1.0 1.0 1.0 0.6666667
 0.33333334 0.0
 13 10 
 0.0 0.33333334 0.6666667 1.0 1.0 1.0 1.0 0.6666667
 0.33333334 0.0
 16 11 
 0.0 0.33333334 0.6666667 1.0 1.0 1.0 1.0 0.75
 0.5 0.25 0.0
 19 11 
 0.0 0.33333334 0.6666667 1.0 1.0 1.0 1.0 1.0
 0.6666667 0.33333334 0.0
 22 11 
 0.0 0.25 0.5 0.75 1.0 1.0 1.0 1.0
 0.6666667 0.33333334 0.0
 26 10 
 0.0 0.33333334 0.6666667 1.0 1.0 1.0 1.0 0.6666667
 0.33333334 0.0
 29 12 
 0.0 0.33333334 0.6666667 1.0 1.0 1.0 1.0 0.8
 0.6 0.4 0.2 0.0
 32 14 
 0.0 0.33333334 0.6666667 1.0 1.0 1.0 1.0 1.0
 1.0 0.8 0.6 0.4 0.2 0.0
 35 17 
 0.0 0.2 0.4 0.6 0.8 1.0 1.0 1.0
 1.0 1.0 1.0 0.8333333 0.6666667 0.5 0.33333334 0.16666667
 0.0
 40 19 
 0.0 0.2 0.4 0.6 0.8 1.0 1.0 1.0
 1.0 1.0 1.0 1.0 0.85714287 0.71428573 0.5714286 0.42857143
 0.2857143 0.14285715 0.0
 45 23 
 0.0 0.16666667 0.33333334 0.5 0.6666667 0.8333333 1.0 1.0
 1.0 1.0 1.0 1.0 1.0 1.0 0.8888889 0.7777778
 0.6666667 0.5555556 0.44444445 0.33333334 0.22222222 0.11111111 0.0
 51 26 
 0.0 0.14285715 0.2857143 0.42857143 0.5714286 0.71428573 0.85714287 1.0
 1.0 1.0 1.0 1.0 1.0 1.0 1.0 1.0
 1.0 0.8888889 0.7777778 0.6666667 0.5555556 0.44444445 0.33333334 0.22222222
 0.11111111 0.0
 58 29 
 0.0 0.11111111 0.22222222 0.33333334 0.44444445 0.5555556 0.6666667 0.7777778
 0.8888889 1.0 1.0 1.0 1.0 1.0 1.0 1.0
 1.0 1.0 1.0 0.9 0.8 0.7 0.6 0.5
 0.4 0.3 0.2 0.1 0.0
 67 31 
 0.0 0.11111111 0.22222222 0.33333334 0.44444445 0.5555556 0.6666667 0.7777778
 0.8888889 1.0 1.0 1.0 1.0 1.0 1.0 1.0
 1.0 1.0 1.0 1.0 0.90909094 0.8181818 0.72727275 0.6363636
 0.54545456 0.45454547 0.36363637 0.27272728 0.18181819 0.09090909 0.0
 76 34 
 0.0 0.1 0.2 0.3 0.4 0.5 0.6 0.7
 0.8 0.9 1.0 1.0 1.0 1.0 1.0 1.0
 1.0 1.0 1.0 1.0 1.0 1.0 0.9166667 0.8333333
 0.75 0.6666667 0.5833333 0.5 0.41666666 0.33333334 0.25 0.16666667
 0.083333336 0.0
 86 36 
 0.0 0.09090909 0.18181819 0.27272728 0.36363637 0.45454547 0.54545456 0.6363636
 0.72727275 0.8181818 0.90909094 1.0 1.0 1.0 1.0 1.0
 1.0 1.0 1.0 1.0 1.0 1.0 1.0 1.0
 0.9166667 0.8333333 0.75 0.6666667 0.5833333 0.5 0.41666666 0.33333334
 0.25 0.16666667 0.083333336 0.0
 97 39 
 0.0 0.083333336 0.16666667 0.25 0.33333334 0.41666666 0.5 0.5833333
 0.6666667 0.75 0.8333333 0.9166667 1.0 1.0 1.0 1.0
 1.0 1.0 1.0 1.0 1.0 1.0 1.0 1.0
 1.0 0.9285714 0.85714287 0.78571427 0.71428573 0.64285713 0.5714286 0.5
 0.42857143 0.35714287 0.2857143 0.21428572 0.14285715 0.071428575 0.0
 109 41 
 0.0 0.083333336 0.16666667 0.25 0.33333334 0.41666666 0.5 0.5833333
 0.6666667 0.75 0.8333333 0.9166667 1.0 1.0 1.0 1.0
 1.0 1.0 1.0 1.0 1.0 1.0 1.0 1.0
 1.0 1.0 1.0 0.9285714 0.85714287 0.78571427 0.71428573 0.64285713
 0.5714286 0.5 0.42857143 0.35714287 0.2857143 0.21428572 0.14285715 0.071428575
 0.0
 121 44 
 0.0 0.071428575 0.14285715 0.21428572 0.2857143 0.35714287 0.42857143 0.5
 0.5714286 0.64285713 0.71428573 0.78571427 0.85714287 0.9285714 1.0 1.0
 1.0 1.0 1.0 1.0 1.0 1.0 1.0 1.0
 1.0 1.0 1.0 1.0 1.0 0.93333334 0.8666667 0.8
 0.73333335 0.6666667 0.6 0.53333336 0.46666667 0.4 0.33333334 0.26666668
 0.2 0.13333334 0.06666667 0.0
 135 46 
 0.0 0.071428575 0.14285715 0.21428572 0.2857143 0.35714287 0.42857143 0.5
 0.5714286 0.64285713 0.71428573 0.78571427 0.85714287 0.9285714 1.0 1.0
 1.0 1.0 1.0 1.0 1.0 1.0 1.0 1.0
 1.0 1.0 1.0 1.0 1.0 1.0 0.9375 0.875
 0.8125 0.75 0.6875 0.625 0.5625 0.5 0.4375 0.375
 0.3125 0.25 0.1875 0.125 0.0625 0.0
 149 48 
 0.0 0.06666667 0.13333334 0.2 0.26666668 0.33333334 0.4 0.46666667
 0.53333336 0.6 0.6666667 0.73333335 0.8 0.8666667 0.93333334 1.0
 1.0 1.0 1.0 1.0 1.0 1.0 1.0 1.0
 1.0 1.0 1.0 1.0 1.0 1.0 1.0 1.0
 0.9375 0.875 0.8125 0.75 0.6875 0.625 0.5625 0.5
 0.4375 0.375 0.3125 0.25 0.1875 0.125 0.0625 0.0
 164 42 
 0.0 0.0625 0.125 0.1875 0.25 0.3125 0.375 0.4375
 0.5 0.5625 0.625 0.6875 0.75 0.8125 0.875 0.9375
 1.0 1.0 1.0 1.0 1.0 1.0 1.0 1.0
 1.0 1.0 1.0 1.0 1.0 1.0 1.0 1.0
 1.0 1.0 1.0 1.0 1.0 1.0 1.0 1.0
 1.0 1.0
