SIZE: 13 7 300 -156.431 -107535 1
PRIOR: 1 0 0 0 0 3 0
100000,  0.166667+0.166667+0.166667+0.166667+0.166667+0.166667 = 60000 (0,0) 0 100 1 12.508 (-6.21094 1 -156.431)
100000,  5.56186e-06+5.56186e-06+5.56186e-06+0.332549+0.333717+0.333717 = 29965 (0,0) 0 100 1 19.508 (-6.9043 1 -52.9913)
  40000,  1.66667e-05+1.66667e-05+1.66667e-05+1.66667e-05+1.66667e-05+0.999917 = 9999 (1,0)
  100000,  8.34711e-06+8.34711e-06+8.34711e-06+0.499082+0.500835+5.84297e-05 = 19966 (0,0) 0 100 1 15.5 (-6.90274 1 -36.6921)
    40000,  1.66633e-05+1.66633e-05+1.66633e-05+1.66633e-05+0.999817+0.000116643 = 10001 (1,0)
    40000,  1.67235e-05+1.67235e-05+1.67235e-05+0.999916+1.67235e-05+1.67235e-05 = 9965 (1,0)
100000,  0.332939+0.332939+0.332939+0.00117082+5.5489e-06+5.5489e-06 = 30035 (0,0) 0 100 1 9.5 (-6.90723 1 -97.2286)
  100000,  1.66069e-05+1.66069e-05+0.99643+0.00350405+1.66069e-05+1.66069e-05 = 10035 (0,0) 0 100 1 12.492 (-6.2106 1 -20.2871)
    40000,  0.00462963+0.00462963+0.00462963+0.976852+0.00462963+0.00462963 = 35 (1,0)
    40000,  1.6665e-05+1.6665e-05+0.999917+1.6665e-05+1.6665e-05+1.6665e-05 = 10000 (1,0)
  100000,  0.499983+0.499983+8.33292e-06+8.33292e-06+8.33292e-06+8.33292e-06 = 20000 (0,0) 0 100 1 6.476 (-6.90677 1 -70.0342)
    40000,  0.000516357+0.999417+1.66567e-05+1.66567e-05+1.66567e-05+1.66567e-05 = 10005 (1,0)
    40000,  0.999917+1.66733e-05+1.66733e-05+1.66733e-05+1.66733e-05+1.66733e-05 = 9995 (1,0)
