SIZE: 13 7 300 -267.03 -107535 1
PRIOR: 1 0 0 0 0 3 0
100000,  0.166667+0.166667+0.166667+0.166667+0.166667+0.166667 = 60000 (0,0) 0 100 1 8.98 (-6.90625 1 -267.03)
100000,  5.55241e-06+5.55241e-06+0.000538584+0.33315+0.33315+0.33315 = 30016 (0,0) 0 100 1 15.992 (-6.21387 1 -111.542)
  100000,  8.33292e-06+8.33292e-06+8.33292e-06+8.33292e-06+0.499983+0.499983 = 20000 (0,0) 0 100 1 23.024 (-6.90677 1 -84.9947)
    40000,  1.66767e-05+1.66767e-05+1.66767e-05+1.66767e-05+1.66767e-05+0.999917 = 9993 (1,0)
    40000,  1.66533e-05+1.66533e-05+1.66533e-05+1.66533e-05+0.999217+0.000716094 = 10007 (1,0)
  100000,  1.66384e-05+1.66384e-05+0.00161392+0.99832+1.66384e-05+1.66384e-05 = 10016 (0,0) 0 100 1 9 (-6.90675 1 -20.3334)
    40000,  1.6665e-05+1.6665e-05+1.6665e-05+0.999917+1.6665e-05+1.6665e-05 = 10000 (1,0)
    40000,  0.00980392+0.00980392+0.95098+0.00980392+0.00980392+0.00980392 = 16 (1,0)
100000,  0.333506+0.333506+0.332972+5.55833e-06+5.55833e-06+5.55833e-06 = 29984 (0,0) 0 100 1 0.996 (-6.90723 1 -148.582)
  40000,  1.66917e-05+1.66917e-05+0.999917+1.66917e-05+1.66917e-05+1.66917e-05 = 9984 (1,0)
  100000,  0.499983+0.499983+8.33292e-06+8.33292e-06+8.33292e-06+8.33292e-06 = 20000 (0,0) 0 100 1 -7.032 (-5.80713 1 -132.281)
    40000,  0.00141454+0.998519+1.66417e-05+1.66417e-05+1.66417e-05+1.66417e-05 = 10014 (1,0)
    40000,  0.999917+1.66884e-05+1.66884e-05+1.66884e-05+1.66884e-05+1.66884e-05 = 9986 (1,0)
