phone_level_thresholds
# lines preceded by # are taken as comments
# phone_level_thresholds english both
aa	-22.00	-20.54	-19.09	-17.63	-16.17	-14.71	-13.26	-11.80	-10.34	-8.88	-7.43	-5.97	-4.51	-3.05	-1.60	-0.14	1.32	2.78	4.23	5.69	 
ae	-14.00	-12.72	-11.45	-10.17	-8.89	-7.61	-6.34	-5.06	-3.78	-2.50	-1.23	0.05	1.33	2.60	3.88	5.16	6.44	7.71	8.99	10.27	 
ah	-18.00	-16.67	-15.34	-14.01	-12.69	-11.36	-10.03	-8.70	-7.37	-6.04	-4.72	-3.39	-2.06	-0.73	0.60	1.93	3.26	4.58	5.91	7.24	 
ao	-22.00	-20.57	-19.15	-17.72	-16.30	-14.87	-13.45	-12.02	-10.60	-9.17	-7.75	-6.32	-4.90	-3.47	-2.05	-0.62	0.80	2.23	3.65	5.08	 
aw	-10.00	-8.91	-7.83	-6.74	-5.66	-4.57	-3.48	-2.40	-1.31	-0.22	0.86	1.95	3.03	4.12	5.21	6.29	7.38	8.47	9.55	10.64	 
ax	-26.00	-24.49	-22.98	-21.47	-19.96	-18.45	-16.94	-15.44	-13.93	-12.42	-10.91	-9.40	-7.89	-6.38	-4.87	-3.36	-1.85	-0.34	1.17	2.67	 
axr	-46.00	-44.19	-42.37	-40.56	-38.74	-36.93	-35.11	-33.30	-31.48	-29.67	-27.85	-26.04	-24.22	-22.41	-20.59	-18.78	-16.96	-15.15	-13.34	-11.52	 
ay	-10.00	-8.78	-7.56	-6.34	-5.12	-3.91	-2.69	-1.47	-0.25	0.97	2.19	3.41	4.63	5.85	7.07	8.28	9.50	10.72	11.94	13.16	 
b	-14.00	-12.63	-11.25	-9.88	-8.51	-7.14	-5.76	-4.39	-3.02	-1.64	-0.27	1.10	2.47	3.85	5.22	6.59	7.97	9.34	10.71	12.08	 
ch	-14.00	-12.70	-11.41	-10.11	-8.82	-7.52	-6.22	-4.93	-3.63	-2.34	-1.04	0.26	1.55	2.85	4.14	5.44	6.74	8.03	9.33	10.62	 
d	-18.00	-16.76	-15.51	-14.27	-13.02	-11.78	-10.53	-9.29	-8.04	-6.80	-5.56	-4.31	-3.07	-1.82	-0.58	0.67	1.91	3.15	4.40	5.64	 
dh	-18.00	-16.81	-15.62	-14.43	-13.24	-12.04	-10.85	-9.66	-8.47	-7.28	-6.09	-4.90	-3.71	-2.52	-1.32	-0.13	1.06	2.25	3.44	4.63	 
eh	-22.00	-20.43	-18.86	-17.28	-15.71	-14.14	-12.57	-10.99	-9.42	-7.85	-6.28	-4.71	-3.13	-1.56	0.01	1.58	3.16	4.73	6.30	7.87	 
el	-50.00	-47.57	-45.14	-42.72	-40.29	-37.86	-35.43	-33.01	-30.58	-28.15	-25.72	-23.29	-20.87	-18.44	-16.01	-13.58	-11.16	-8.73	-6.30	-3.87	 
em	-30.00	-28.30	-26.61	-24.91	-23.21	-21.52	-19.82	-18.12	-16.43	-14.73	-13.03	-11.34	-9.64	-7.94	-6.25	-4.55	-2.85	-1.16	0.54	2.24	 
en	-22.00	-20.70	-19.39	-18.09	-16.78	-15.48	-14.17	-12.87	-11.56	-10.26	-8.95	-7.65	-6.35	-5.04	-3.74	-2.43	-1.13	0.18	1.48	2.79	 
er	-58.00	-55.54	-53.09	-50.63	-48.18	-45.72	-43.26	-40.81	-38.35	-35.90	-33.44	-30.98	-28.53	-26.07	-23.62	-21.16	-18.70	-16.25	-13.79	-11.34	 
ey	-6.00	-4.81	-3.62	-2.43	-1.25	-0.06	1.13	2.32	3.51	4.70	5.89	7.07	8.26	9.45	10.64	11.83	13.02	14.21	15.39	16.58	 
f	-10.00	-8.74	-7.48	-6.21	-4.95	-3.69	-2.43	-1.17	0.09	1.36	2.62	3.88	5.14	6.40	7.66	8.93	10.19	11.45	12.71	13.97	 
g	-14.00	-12.63	-11.27	-9.90	-8.53	-7.17	-5.80	-4.43	-3.07	-1.70	-0.33	1.03	2.40	3.77	5.13	6.50	7.87	9.23	10.60	11.97	 
hh	-6.00	-4.84	-3.69	-2.53	-1.37	-0.22	0.94	2.10	3.25	4.41	5.57	6.72	7.88	9.04	10.19	11.35	12.51	13.66	14.82	15.98	 
ih	-26.00	-24.55	-23.11	-21.66	-20.22	-18.77	-17.32	-15.88	-14.43	-12.98	-11.54	-10.09	-8.65	-7.20	-5.75	-4.31	-2.86	-1.41	0.03	1.48	 
iy	-10.00	-8.78	-7.57	-6.35	-5.13	-3.92	-2.70	-1.48	-0.26	0.95	2.17	3.39	4.60	5.82	7.04	8.25	9.47	10.69	11.90	13.12	 
jh	-14.00	-12.80	-11.60	-10.41	-9.21	-8.01	-6.81	-5.62	-4.42	-3.22	-2.02	-0.82	0.37	1.57	2.77	3.97	5.16	6.36	7.56	8.76	 
k	-10.00	-8.78	-7.57	-6.35	-5.14	-3.92	-2.71	-1.49	-0.28	0.94	2.15	3.37	4.59	5.80	7.02	8.23	9.45	10.66	11.88	13.09	 
l	-42.00	-40.04	-38.09	-36.13	-34.18	-32.22	-30.26	-28.31	-26.35	-24.39	-22.44	-20.48	-18.53	-16.57	-14.61	-12.66	-10.70	-8.74	-6.79	-4.83	 
m	-6.00	-4.99	-3.97	-2.96	-1.94	-0.93	0.08	1.10	2.11	3.13	4.14	5.15	6.17	7.18	8.20	9.21	10.22	11.24	12.25	13.27	 
n	-14.00	-12.86	-11.71	-10.57	-9.43	-8.29	-7.14	-6.00	-4.86	-3.72	-2.57	-1.43	-0.29	0.85	2.00	3.14	4.28	5.42	6.57	7.71	 
ng	-10.00	-8.87	-7.74	-6.60	-5.47	-4.34	-3.21	-2.07	-0.94	0.19	1.32	2.46	3.59	4.72	5.85	6.99	8.12	9.25	10.38	11.52	 
ow	-10.00	-8.98	-7.96	-6.94	-5.92	-4.91	-3.89	-2.87	-1.85	-0.83	0.19	1.21	2.23	3.25	4.26	5.28	6.30	7.32	8.34	9.36	 
oy	-14.00	-12.81	-11.62	-10.43	-9.24	-8.04	-6.85	-5.66	-4.47	-3.28	-2.09	-0.90	0.29	1.49	2.68	3.87	5.06	6.25	7.44	8.63	 
p	-14.00	-12.77	-11.55	-10.32	-9.09	-7.87	-6.64	-5.41	-4.19	-2.96	-1.73	-0.51	0.72	1.95	3.18	4.40	5.63	6.86	8.08	9.31	 
r	-42.00	-39.86	-37.71	-35.57	-33.42	-31.28	-29.13	-26.99	-24.85	-22.70	-20.56	-18.41	-16.27	-14.13	-11.98	-9.84	-7.69	-5.55	-3.40	-1.26	 
s	-2.00	-0.89	0.21	1.32	2.42	3.53	4.63	5.74	6.84	7.95	9.06	10.16	11.27	12.37	13.48	14.58	15.69	16.79	17.90	19.01	 
sh	-14.00	-12.62	-11.24	-9.86	-8.49	-7.11	-5.73	-4.35	-2.97	-1.59	-0.21	1.17	2.54	3.92	5.30	6.68	8.06	9.44	10.82	12.20	 
t	-18.00	-16.68	-15.37	-14.05	-12.73	-11.42	-10.10	-8.79	-7.47	-6.15	-4.84	-3.52	-2.20	-0.89	0.43	1.75	3.06	4.38	5.70	7.01	 
th	-14.00	-12.93	-11.86	-10.79	-9.72	-8.65	-7.58	-6.51	-5.44	-4.36	-3.29	-2.22	-1.15	-0.08	0.99	2.06	3.13	4.20	5.27	6.34	 
uh	-22.00	-20.46	-18.92	-17.38	-15.83	-14.29	-12.75	-11.21	-9.67	-8.13	-6.59	-5.04	-3.50	-1.96	-0.42	1.12	2.66	4.20	5.75	7.29	 
uw	-14.00	-12.81	-11.63	-10.44	-9.26	-8.07	-6.89	-5.70	-4.52	-3.33	-2.14	-0.96	0.23	1.41	2.60	3.78	4.97	6.15	7.34	8.53	 
v	-18.00	-16.71	-15.41	-14.12	-12.82	-11.53	-10.23	-8.94	-7.64	-6.35	-5.05	-3.76	-2.46	-1.17	0.13	1.42	2.72	4.01	5.31	6.60	 
w	-26.00	-24.42	-22.84	-21.27	-19.69	-18.11	-16.53	-14.95	-13.38	-11.80	-10.22	-8.64	-7.06	-5.49	-3.91	-2.33	-0.75	0.83	2.40	3.98	 
y	-10.00	-8.95	-7.90	-6.86	-5.81	-4.76	-3.71	-2.66	-1.62	-0.57	0.48	1.53	2.58	3.62	4.67	5.72	6.77	7.82	8.86	9.91	 
z	-6.00	-5.03	-4.05	-3.08	-2.10	-1.13	-0.15	0.82	1.80	2.77	3.74	4.72	5.69	6.67	7.64	8.62	9.59	10.57	11.54	12.51	 
zh	-26.00	-24.48	-22.96	-21.43	-19.91	-18.39	-16.87	-15.35	-13.83	-12.30	-10.78	-9.26	-7.74	-6.22	-4.69	-3.17	-1.65	-0.13	1.39	2.91
