SIZE: 11 6 300 -636.431 -107535 1
PRIOR: 1 0 0 0 0 3 0
100000,  0.166667+0.166667+0.166667+0.166667+0.166667+0.166667 = 60000 (0,0) 0 100 1 10.512 (-6.90625 1 -636.431)
100000,  5.55778e-06+5.55778e-06+5.55778e-06+0.333039+0.333472+0.333472 = 29987 (0,0) 0 100 1 15 (-6.90527 1 -486.475)
  100000,  8.33292e-06+8.33292e-06+8.33292e-06+8.33292e-06+0.499983+0.499983 = 20000 (0,0) 0 100 1 18.244 (-6.90677 1 -470.175)
    40000,  1.67909e-05+1.67909e-05+1.67909e-05+1.67909e-05+1.67909e-05+0.999916 = 9925 (1,0)
    40000,  1.6541e-05+1.6541e-05+1.6541e-05+1.6541e-05+0.992474+0.00745997 = 10075 (1,0)
  40000,  1.66867e-05+1.66867e-05+1.66867e-05+0.999917+1.66867e-05+1.66867e-05 = 9987 (1,0)
100000,  0.333183+0.333183+0.333183+0.000438684+5.55296e-06+5.55296e-06 = 30013 (0,0) 0 100 1 2.496 (-6.90723 1 -143.05)
  100000,  8.3275e-06+0.499659+0.499659+0.000657873+8.3275e-06+8.3275e-06 = 20013 (0,0) 0 100 1 6.492 (-6.90677 1 -126.748)
    40000,  1.66434e-05+1.66434e-05+0.998619+0.00131483+1.66434e-05+1.66434e-05 = 10013 (1,0)
    40000,  1.6665e-05+0.999917+1.6665e-05+1.6665e-05+1.6665e-05+1.6665e-05 = 10000 (1,0)
  40000,  0.999917+1.6665e-05+1.6665e-05+1.6665e-05+1.6665e-05+1.6665e-05 = 10000 (1,0)
