SIZE: 63 32 300 -13965.9 -21526.7 1
PRIOR: 1 0 0 0 0 5 0
100000,  0.166667+0.166667+0.166667+0.166667+0.166667+0.166667 = 12000 (0,0) 0 100 1 8.17708 (0 1 -13965.9)
100000,  0.0138034+0.0567527+0.136934+0.247459+0.261385+0.283666 = 6821 (0,0) 0 100 1 17.4202 (0 1 -7724.18)
  100000,  7.31636e-05+7.31636e-05+0.0145596+0.13923+0.198932+0.647132 = 2277 (0,0) 0 100 3 0.1072 (0 1 -1604.17)
    100000,  0.000101626+0.000101626+0.00497968+0.0549797+0.150711+0.789126 = 1639 (0,0) 0 100 3 0.1184 (0 1 -953.56)
      100000,  0.000147102+0.000147102+0.00632539+0.0222124+0.103413+0.867755 = 1132 (1.3373e-11,0) 0 100 1 21.005 (0 1 -523.386)
        40000,  0.000349406+0.000349406+0.000349406+0.00244584+0.0422781+0.954228 = 476 (1,0)
        40000,  0.000253678+0.000253678+0.0109082+0.0367834+0.147894+0.803907 = 656 (1,0)
      100000,  0.000328084+0.000328084+0.00229659+0.128281+0.256234+0.612533 = 507 (1.02014e-22,0) 0 100 1 21.7913 (0 1 -430.173)
        40000,  0.000891266+0.000891266+0.000891266+0.043672+0.0543672+0.899287 = 186 (1,0)
        40000,  0.000517598+0.000517598+0.00362319+0.177536+0.373188+0.444617 = 321 (1,0)
    100000,  0.000260824+0.000260824+0.0393845+0.355503+0.32264+0.281951 = 638 (0,0) 0 100 1 20.8 (0 1 -650.612)
      100000,  0.000617284+0.000617284+0.000617284+0.133951+0.289506+0.574691 = 269 (1.41651e-06,0) 0 100 1 23.9056 (0 1 -251.386)
        40000,  0.0026455+0.0026455+0.0026455+0.0820106+0.0343915+0.875661 = 62 (1,0)
        40000,  0.000801282+0.000801282+0.000801282+0.14984+0.366186+0.481571 = 207 (1,0)
      100000,  0.00045045+0.00045045+0.068018+0.516667+0.346396+0.068018 = 369 (9.6185e-05,0) 0 100 3 0.1064 (0 1 -399.225)
        40000,  0.00641026+0.00641026+0.0833333+0.352564+0.121795+0.429487 = 25 (0.999908,0)
        40000,  0.000483092+0.000483092+0.0671498+0.528019+0.362802+0.0410628 = 344 (0.999908,0)
  100000,  0.0207187+0.0851852+0.198277+0.301687+0.292666+0.101467 = 4544 (0,0) 0 100 3 0.12365 (0 1 -6120.01)
    100000,  0.000198886+0.0133254+0.0658313+0.167263+0.340294+0.413087 = 837 (0,0) 0 100 1 13.6486 (0 1 -966.797)
      100000,  0.000386698+0.00270688+0.000386698+0.123357+0.306651+0.566512 = 430 (2.16861e-11,0) 0 100 3 0.1388 (0 1 -398.528)
        40000,  0.00107527+0.00107527+0.00107527+0.0849462+0.104301+0.807527 = 154 (1,0)
        40000,  0.000601685+0.00421179+0.000601685+0.145006+0.419374+0.430205 = 276 (1,0)
      100000,  0.000408497+0.0249183+0.135212+0.213644+0.375409+0.250409 = 407 (7.78394e-09,0) 0 100 3 0.12825 (0 1 -568.269)
        40000,  0.000633714+0.0196451+0.0956907+0.133714+0.41128+0.339037 = 262 (1,0)
        40000,  0.00114155+0.0353881+0.206621+0.357306+0.309361+0.0901826 = 145 (1,0)
    100000,  0.0253955+0.101447+0.2282+0.33203+0.281868+0.031059 = 3707 (0,0) 0 100 1 12.9061 (0 1 -5153.21)
      100000,  0.00245821+0.0225172+0.15821+0.401278+0.37001+0.0455261 = 1694 (4.35022e-31,0) 0 100 3 0.10975 (0 1 -2093.32)
        40000,  0.000329381+0.0161397+0.0892622+0.290843+0.476614+0.126812 = 505 (1,0)
        40000,  0.0035014+0.0253501+0.187535+0.448039+0.32451+0.0110644 = 1189 (1,0)
      100000,  0.0447699+0.167908+0.287074+0.273668+0.20763+0.0189507 = 2013 (3.19025e-38,0) 0 100 2 -1.22255 (0 1 -3059.89)
        40000,  0.0131475+0.154903+0.298438+0.284796+0.229636+0.0190787 = 1685 (1,0)
        40000,  0.207194+0.234549+0.22847+0.216312+0.0947315+0.0187437 = 328 (1,0)
100000,  0.367986+0.311422+0.205824+0.0602638+0.0419241+0.0125804 = 5179 (0,0) 0 100 1 4.02631 (0 1 -6241.76)
  100000,  0.170377+0.278334+0.30282+0.120293+0.101929+0.0262474 = 1796 (0,0) 0 100 3 0.1185 (0 1 -2560.72)
    100000,  0.080314+0.0911836+0.261473+0.145531+0.265097+0.156401 = 275 (3.36312e-44,0) 0 100 2 -0.84135 (0 1 -381.599)
      100000,  0.000925926+0.0731481+0.29537+0.184259+0.384259+0.062037 = 179 (1.3055e-10,0) 0 100 3 0.13325 (0 1 -241.152)
        40000,  0.0026455+0.0026455+0.161376+0.0661376+0.589947+0.177249 = 62 (1,0)
        40000,  0.00141243+0.111582+0.365819+0.247175+0.272599+0.00141243 = 117 (1,0)
      100000,  0.228522+0.12543+0.197594+0.0738832+0.0429553+0.331615 = 96 (1.91572e-12,0) 0 100 2 -0.86405 (0 1 -140.447)
        40000,  0.00666667+0.0466667+0.00666667+0.00666667+0.00666667+0.926667 = 24 (1,0)
        40000,  0.303653+0.152968+0.262557+0.0981735+0.0570776+0.125571 = 72 (1,0)
    100000,  0.186706+0.312199+0.310228+0.115747+0.0723828+0.00273763 = 1521 (0,0) 0 100 2 -1.37145 (0 1 -2179.12)
      100000,  0.124324+0.318317+0.343479+0.121077+0.089421+0.00338203 = 1231 (7.61668e-11,0) 0 100 2 -1.31245 (0 1 -1818.01)
        40000,  0.129364+0.306729+0.346425+0.124296+0.0930462+0.000140766 = 1183 (1,0)
        40000,  0.00340136+0.595238+0.268707+0.0442177+0.00340136+0.085034 = 48 (1,0)
      100000,  0.450745+0.285796+0.168958+0.0933562+0.000572738+0.000572738 = 290 (2.77829e-05,0) 0 100 3 0.07935 (0 1 -361.111)
        40000,  0.584402+0.28312+0.103632+0.0267094+0.00106838+0.00106838 = 155 (0.999969,0)
        40000,  0.295343+0.28799+0.243873+0.170343+0.00122549+0.00122549 = 135 (0.999969,0)
  100000,  0.472862+0.32895+0.154305+0.028418+0.0100965+0.0053684 = 3383 (0,0) 0 100 2 -1.1641 (0 1 -3681.04)
    100000,  0.33343+0.381546+0.208213+0.0482126+0.0180676+0.0105314 = 1724 (0,0) 0 100 3 0.13965 (0 1 -2177.21)
      100000,  0.127976+0.0565476+0.306548+0.0565476+0.145833+0.306548 = 55 (4.50502e-08,0) 0 100 2 -0.83015 (0 1 -81.9714)
        40000,  0.199074+0.00462963+0.143519+0.00462963+0.171296+0.476852 = 35 (1,0)
        40000,  0.00793651+0.150794+0.579365+0.150794+0.103175+0.00793651 = 20 (1,0)
      100000,  0.34022+0.392315+0.20489+0.048004+0.0138723+0.000698603 = 1669 (1.28108e-17,0) 0 100 1 0.254023 (0 1 -2095.24)
        40000,  0.25106+0.390944+0.263777+0.0695568+0.0233141+0.00134875 = 864 (1,0)
        40000,  0.435691+0.393507+0.141646+0.0250207+0.00392887+0.000206782 = 805 (1,0)
    100000,  0.61757+0.274197+0.0982932+0.00793173+0.00190763+0.000100402 = 1659 (2.33806e-24,0) 0 100 1 -4.29274 (0 1 -1503.83)
      100000,  0.545111+0.318952+0.120951+0.0119588+0.00287617+0.000151378 = 1100 (0.000908105,0) 0 100 2 -1.4167 (0 1 -1129.36)
        40000,  0.46378+0.368704+0.147991+0.0138653+0.00537634+0.000282965 = 588 (0.999146,0)
        40000,  0.637752+0.261533+0.0899935+0.0100715+0.000324886+0.000324886 = 512 (0.999146,0)
      100000,  0.759226+0.186012+0.053869+0.000297619+0.000297619+0.000297619 = 559 (1.33028e-07,0) 0 100 2 -1.75095 (0 1 -374.468)
        40000,  0.715041+0.244309+0.0394309+0.000406504+0.000406504+0.000406504 = 409 (1,0)
        40000,  0.875276+0.0275938+0.093819+0.00110375+0.00110375+0.00110375 = 150 (1,0)
