SIZE: 19 10 300 -109.362 -107535 1
PRIOR: 1 0 0 0 0 5 0
100000,  0.166667+0.166667+0.166667+0.166667+0.166667+0.166667 = 60000 (0,0) 0 100 1 -0.94 (-5.52344 1 -109.362)
100000,  5.55537e-06+5.55537e-06+5.55537e-06+0.333328+0.333328+0.333328 = 30000 (0,0) 0 100 1 -0.832 (-4.25781 1 -55.7659)
  100000,  8.33292e-06+8.33292e-06+8.33292e-06+8.33292e-06+0.499983+0.499983 = 20000 (0,0) 0 100 1 -0.608 (-6.1893 1 -42.113)
    40000,  1.67084e-05+1.67084e-05+1.67084e-05+1.67084e-05+1.67084e-05+0.999916 = 9974 (1,0)
    100000,  1.66218e-05+1.66218e-05+1.66218e-05+1.66218e-05+0.997324+0.00260962 = 10026 (0,0) 0 100 1 -0.734 (-2.8727 1 -26.5309)
      100000,  0.000440917+0.000440917+0.000440917+0.000440917+0.929012+0.069224 = 377 (2.62201e-39,0) 0 100 1 -0.726 (-3.25761 1 -14.293)
        40000,  0.00617284+0.00617284+0.00617284+0.00617284+0.00617284+0.969136 = 26 (1,0)
        40000,  0.000473485+0.000473485+0.000473485+0.000473485+0.997633+0.000473485 = 351 (1,0)
      40000,  1.72712e-05+1.72712e-05+1.72712e-05+1.72712e-05+0.999914+1.72712e-05 = 9649 (1,0)
  40000,  1.6665e-05+1.6665e-05+1.6665e-05+0.999917+1.6665e-05+1.6665e-05 = 10000 (1,0)
100000,  0.333328+0.333328+0.333328+5.55537e-06+5.55537e-06+5.55537e-06 = 30000 (0,0) 0 100 1 -1.222 (-3.64844 1 -48.0731)
  100000,  0.00035819+0.499808+0.499808+8.33e-06+8.33e-06+8.33e-06 = 20007 (0,0) 0 100 1 -1.044 (-3.80362 1 -35.0302)
    40000,  1.6665e-05+1.6665e-05+0.999917+1.6665e-05+1.6665e-05+1.6665e-05 = 10000 (1,0)
    100000,  0.000716094+0.999217+1.66533e-05+1.66533e-05+1.66533e-05+1.66533e-05 = 10007 (4.44785e-21,0) 0 100 1 -1.198 (-2.75015 1 -21.8316)
      40000,  1.71063e-05+0.999914+1.71063e-05+1.71063e-05+1.71063e-05+1.71063e-05 = 9742 (1,0)
      100000,  0.0269424+0.970551+0.000626566+0.000626566+0.000626566+0.000626566 = 265 (6.04076e-14,0) 0 100 1 -1.204 (-0.0153818 1 -9.70819)
        40000,  0.000643501+0.996782+0.000643501+0.000643501+0.000643501+0.000643501 = 258 (1,0)
        40000,  0.895833+0.0208333+0.0208333+0.0208333+0.0208333+0.0208333 = 7 (1,0)
  40000,  0.999917+1.66767e-05+1.66767e-05+1.66767e-05+1.66767e-05+1.66767e-05 = 9993 (1,0)
