SIZE: 13 7 300 -382.06 -107535 1
PRIOR: 1 0 0 0 0 3 0
100000,  0.166667+0.166667+0.166667+0.166667+0.166667+0.166667 = 60000 (0,0) 0 100 1 4.988 (-6.90625 1 -382.06)
100000,  5.55296e-06+5.55296e-06+0.000438684+0.333183+0.333183+0.333183 = 30013 (0,0) 0 100 1 10.02 (-6.90723 1 -180.92)
  100000,  8.33834e-06+8.33834e-06+8.33834e-06+8.33834e-06+0.499658+0.500309 = 19987 (0,0) 0 100 1 30.02 (-6.90677 1 -54.1876)
    40000,  1.667e-05+1.667e-05+1.667e-05+1.667e-05+1.667e-05+0.999917 = 9997 (1,0)
    40000,  1.66817e-05+1.66817e-05+1.66817e-05+1.66817e-05+0.999616+0.000316952 = 9990 (1,0)
  100000,  1.66218e-05+1.66218e-05+0.00131312+0.997324+0.00131312+1.66218e-05 = 10026 (1.51379e-40,0) 0 100 1 5 (-5.51945 1 -119.825)
    40000,  1.66434e-05+1.66434e-05+1.66434e-05+0.998619+0.00131483+1.66434e-05 = 10013 (1,0)
    40000,  0.0119048+0.0119048+0.940476+0.0119048+0.0119048+0.0119048 = 13 (1,0)
100000,  0.333472+0.333472+0.333039+5.55778e-06+5.55778e-06+5.55778e-06 = 29987 (0,0) 0 100 1 -5.016 (-6.90527 1 -194.234)
  100000,  0.000308426+0.500158+0.499508+8.33583e-06+8.33583e-06+8.33583e-06 = 19993 (0,0) 0 100 1 -0.012 (-6.21359 1 -177.934)
    40000,  1.6665e-05+0.00131654+0.998617+1.6665e-05+1.6665e-05+1.6665e-05 = 10000 (1,0)
    40000,  0.000617037+0.999316+1.66767e-05+1.66767e-05+1.66767e-05+1.66767e-05 = 9993 (1,0)
  40000,  0.999917+1.6675e-05+1.6675e-05+1.6675e-05+1.6675e-05+1.6675e-05 = 9994 (1,0)
