SIZE: 17 9 300 -132.67 -107535 1
PRIOR: 1 0 0 0 0 4 0
100000,  0.166667+0.166667+0.166667+0.166667+0.166667+0.166667 = 60000 (0,0) 0 100 1 18.012 (-6.21094 1 -132.67)
100000,  5.54373e-06+5.54373e-06+0.00210107+0.332629+0.332629+0.332629 = 30063 (0,0) 0 100 1 22.048 (-6.90723 1 -53.3761)
  100000,  8.33292e-06+8.33292e-06+8.33292e-06+8.33292e-06+0.499983+0.499983 = 20000 (0,0) 0 100 1 27.052 (-6.90576 1 -25.6958)
    40000,  1.6665e-05+1.6665e-05+1.6665e-05+1.6665e-05+1.6665e-05+0.999917 = 10000 (1,0)
    40000,  1.6665e-05+1.6665e-05+1.6665e-05+1.6665e-05+0.999917+1.6665e-05 = 10000 (1,0)
  100000,  1.65607e-05+1.65607e-05+0.0062765+0.993657+1.65607e-05+1.65607e-05 = 10063 (0,0) 0 100 1 18.048 (-6.20758 1 -20.7731)
    40000,  1.6665e-05+1.6665e-05+1.6665e-05+0.999917+1.6665e-05+1.6665e-05 = 10000 (1,0)
    40000,  0.00260417+0.00260417+0.986979+0.00260417+0.00260417+0.00260417 = 63 (1,0)
100000,  0.334029+0.334029+0.331925+5.56706e-06+5.56706e-06+5.56706e-06 = 29937 (0,0) 0 100 1 9.036 (-6.90723 1 -73.0831)
  100000,  0.000108659+0.501513+0.498353+8.35841e-06+8.35841e-06+8.35841e-06 = 19939 (0,0) 0 100 1 13.04 (-6.90677 1 -56.781)
    100000,  1.67403e-05+0.0018247+0.998108+1.67403e-05+1.67403e-05+1.67403e-05 = 9955 (0,0) 0 100 1 13.052 (-6.90675 1 -20.4258)
      40000,  1.67706e-05+1.67706e-05+0.999916+1.67706e-05+1.67706e-05+1.67706e-05 = 9937 (1,0)
      40000,  0.00877193+0.95614+0.00877193+0.00877193+0.00877193+0.00877193 = 18 (1,0)
    100000,  0.000216992+0.999716+1.66917e-05+1.66917e-05+1.66917e-05+1.66917e-05 = 9984 (0.999989,0) 0 100 1 13.02 (-6.90322 1 -40.8687)
      40000,  0.00555556+0.972222+0.00555556+0.00555556+0.00555556+0.00555556 = 29 (1.09715e-05,0)
      40000,  0.000217624+0.999715+1.67403e-05+1.67403e-05+1.67403e-05+1.67403e-05 = 9955 (1.09715e-05,0)
  40000,  0.999917+1.66683e-05+1.66683e-05+1.66683e-05+1.66683e-05+1.66683e-05 = 9998 (1,0)
