phn_dist_boundary
# phone   mean        lower dist. limit    upper dist. limit 
aa 12.5326 -29 38
ae 15.2202 -19 36
ah 14.0355 -16 39
ao 13.547 -27 39
aw 12.488 -11 31
ax 3.44149 -41 37
ay 16.7007 -11 36
b 13.7675 -17 37
ch 14.1771 -10 30
d 8.42789 -22 32
dh 6.5332 -26 29
dx 1.47513 -40 38
eh 13.8075 -28 38
er -2.55495 -50 33
ey 20.4503 -10 38
f 17.2243 -11 34
g 13.1597 -19 35
hh 18.9216 -11 38
ih 9.7576 -28 37
iy 18.554 -15 37
jh 9.37062 -29 30
k 16.4665 -7 37
l -2.71453 -61 36
m 19.5977 -11 41
n 13.2754 -27 35
ng 12.8248 -11 33
ow 14.942 -19 37
oy 11.6158 -28 32
p 14.8072 -9 33
r 4.3587 -51 42
s 21.1514 -9 37
sh 16.4497 -19 33
t 11.7577 -18 33
th 9.19185 -18 25
uh 12.0777 -35 41
uw 12.8182 -26 36
v 9.08864 -27 33
w 6.95536 -47 35
y 16.9183 -29 40
z 14.7049 -33 34
zh 6.18919 -43 31
