0001 12
25
0.99802667 0.98228735 0.95105666 0.9048272 0.8443282 0.7705136 0.6845476 0.5877859 0.48175445
 0.36812547 0.24869087 0.12533432 1.2675908e-6 -0.12533191 -0.24868852 -0.3681232 -0.4817523
 -0.5877839 -0.6845457 -0.77051204 -0.84432685 -0.90482616 -0.9510558 -0.9822868 -0.9980266
25
0.9921147 0.9297766 0.8090173 0.6374245 0.42578006 0.18738241 -0.06278928 -0.3090156
 -0.5358253 -0.72896737 -0.8763057 -0.9685827 -1.0 -0.9685838 -0.8763081 -0.7289707
 -0.53582937 -0.30902028 -0.06279434 0.18737766 0.4257756 0.63742095 0.80901444 0.92977476
 0.9921142
25
0.98228735 0.8443282 0.5877859 0.24869087 -0.12533191 -0.4817523 -0.77051204 -0.9510558
 -0.9980269 -0.9048283 -0.68454945 -0.3681278 -3.8027724e-6 0.36812073 0.68454385 0.90482503
 0.99802643 0.95105815 0.77051663 0.4817586 0.12533909 -0.24868387 -0.5877796 -0.84432423
 -0.98228604
25
0.9685833 0.72896904 0.30901787 -0.18737991 -0.6374227 -0.9297757 -0.992115 -0.8090188
 -0.42578247 0.06278675 0.5358234 0.8763046 1.0 0.8763093 0.5358315 0.06279639 -0.4257737
 -0.809013 -0.99211377 -0.9297793 -0.6374303 -0.18738918 0.3090087 0.7289621 0.96858084
25
0.95105666 0.5877859 1.2675908e-6 -0.5877839 -0.9510558 -0.9510573 -0.58778775 -3.8027724e-6
 0.587782 0.95105505 0.95105815 0.58778983 6.3379543e-6 -0.5877796 -0.95105445 -0.9510588
 -0.58779186 -8.873136e-6 0.58777833 0.9510536 0.9510597 0.58779395 1.1408318e-5 -0.58777624
 -0.9510529
25
0.9297766 0.42578006 -0.3090156 -0.8763057 -0.9685838 -0.53582937 0.18737766 0.80901444
 0.9921153 0.6374284 -0.062784225 -0.7289639 -0.99999994 -0.7289743 -0.0627994 0.63741666
 0.99211353 0.8090228 0.18739167 -0.5358174 -0.9685803 -0.8763127 -0.30903038 0.42576686
 0.9297716
25
0.9048272 0.24869087 -0.5877839 -0.9980266 -0.68454945 0.12532952 0.8443256 0.95105815
 0.36813015 -0.4817483 -0.98228604 -0.77051854 -8.873136e-6 0.7705072 0.9822892 0.48176304
 -0.3681141 -0.9510529 -0.8443346 -0.12534712 0.6845372 0.9980278 0.5877973 -0.24867405
 -0.90482026
25
0.8763069 0.06279169 -0.809016 -0.92977756 -0.18738467 0.7289656 0.9685845 0.3090227
 -0.6374186 -0.99211574 -0.42578664 0.53581953 1.0 0.53583586 -0.42576912 -0.99211323
 -0.6374335 0.30900386 0.96857935 0.7289789 -0.1873652 -0.9297706 -0.8090273 0.062771566
 0.8762977
25
0.8443282 -0.12533191 -0.9510558 -0.68454945 0.36812073 0.99802643 0.4817586 -0.5877796
 -0.98228866 -0.24869767 0.7705072 0.9048313 1.1408318e-5 -0.90482205 -0.7705211 0.2486765
 0.9822845 0.5877973 -0.48173946 -0.99802786 -0.3681406 0.68453354 0.95106274 0.12535468
 -0.8443166
25
0.8090173 -0.3090156 -1.0 -0.30902028 0.80901444 0.80902016 -0.30901107 -0.99999994
 -0.3090247 0.80901146 0.8090228 -0.30900627 -1.0 -0.30903038 0.8090091 0.80902576 -0.30900145
 -1.0 -0.3090334 0.8090061 0.80902874 -0.30899665 -1.0 -0.30903822 0.8090031
25
0.7705136 -0.4817523 -0.9510573 0.12532952 0.99802643 0.24869567 -0.9048242 -0.58779186
 0.6845402 0.8443333 -0.3681141 -0.9822896 -1.39435e-5 0.9822845 0.36813825 -0.84431934
 -0.6845598 0.5877701 0.90483564 -0.24866912 -0.9980283 -0.12535529 0.9510493 0.4817755
 -0.7704953
25
0.72896904 -0.6374227 -0.8090188 0.5358234 0.8763093 -0.4257737 -0.9297793 0.3090087
 0.96858567 -0.18737018 -0.99211633 0.06277663 1.0 0.06280699 -0.9921125 -0.18740007
 0.96857864 0.3090358 -0.92976874 -0.42579958 0.87629527 0.53584784 -0.80900043 -0.6374452
 0.72895026
