SIZE: 11 6 300 -514.028 -107535 1
PRIOR: 1 0 0 0 0 3 0
100000,  0.166667+0.166667+0.166667+0.166667+0.166667+0.166667 = 60000 (0,0) 0 100 1 11.48 (-6.90625 1 -514.028)
100000,  5.55019e-06+5.55019e-06+0.000937982+0.333017+0.333017+0.333017 = 30028 (0,0) 0 100 1 19.496 (-6.90527 1 -235.84)
  40000,  1.6665e-05+1.6665e-05+1.6665e-05+1.6665e-05+1.6665e-05+0.999917 = 10000 (1,0)
  100000,  8.32127e-06+8.32127e-06+0.00140629+0.499284+0.499284+8.32127e-06 = 20028 (0,0) 0 100 1 15.492 (-6.21359 1 -219.54)
    40000,  1.6665e-05+1.6665e-05+1.6665e-05+1.6665e-05+0.999917+1.6665e-05 = 10000 (1,0)
    40000,  1.66185e-05+1.66185e-05+0.00280852+0.997125+1.66185e-05+1.66185e-05 = 10028 (1,0)
100000,  0.333639+0.333639+0.332705+5.56056e-06+5.56056e-06+5.56056e-06 = 29972 (0,0) 0 100 1 2.372 (-6.90723 1 -271.281)
  100000,  0.00170774+0.499833+0.498434+8.33042e-06+8.33042e-06+8.33042e-06 = 20006 (0,0) 0 100 1 6.5 (-6.90674 1 -254.982)
    40000,  1.67118e-05+1.67118e-05+0.999916+1.67118e-05+1.67118e-05+1.67118e-05 = 9972 (1,0)
    40000,  0.00340475+0.996529+1.66085e-05+1.66085e-05+1.66085e-05+1.66085e-05 = 10034 (1,0)
  40000,  0.999916+1.67218e-05+1.67218e-05+1.67218e-05+1.67218e-05+1.67218e-05 = 9966 (1,0)
