phone_level_thresholds
# lines preceded by # are taken as comments
aa	-29.00	-26.81	-24.63	-22.44	-20.26	-18.07	-15.88	-13.70	-11.51	-9.33	-7.14	-4.95	-2.77	-0.58	1.60	3.79	5.97	8.16	10.35	12.53	 
ae	-19.00	-17.20	-15.40	-13.60	-11.80	-9.99	-8.19	-6.39	-4.59	-2.79	-0.99	0.81	2.61	4.41	6.21	8.02	9.82	11.62	13.42	15.22	 
ah	-16.00	-14.42	-12.84	-11.26	-9.68	-8.10	-6.52	-4.93	-3.35	-1.77	-0.19	1.39	2.97	4.55	6.13	7.71	9.29	10.87	12.45	14.04	 
ao	-27.00	-24.87	-22.73	-20.60	-18.46	-16.33	-14.20	-12.06	-9.93	-7.79	-5.66	-3.53	-1.39	0.74	2.88	5.01	7.14	9.28	11.41	13.55	 
aw	-11.00	-9.76	-8.53	-7.29	-6.06	-4.82	-3.58	-2.35	-1.11	0.13	1.36	2.60	3.83	5.07	6.31	7.54	8.78	10.02	11.25	12.49	 
ax	-41.00	-38.66	-36.32	-33.98	-31.64	-29.30	-26.97	-24.63	-22.29	-19.95	-17.61	-15.27	-12.93	-10.59	-8.25	-5.91	-3.58	-1.24	1.10	3.44	 
ay	-11.00	-9.54	-8.08	-6.63	-5.17	-3.71	-2.25	-0.79	0.66	2.12	3.58	5.04	6.50	7.95	9.41	10.87	12.33	13.78	15.24	16.70	 
b	-17.00	-15.38	-13.76	-12.14	-10.52	-8.90	-7.28	-5.66	-4.05	-2.43	-0.81	0.81	2.43	4.05	5.67	7.29	8.91	10.53	12.15	13.77	 
ch	-10.00	-8.73	-7.46	-6.18	-4.91	-3.64	-2.37	-1.09	0.18	1.45	2.72	4.00	5.27	6.54	7.81	9.09	10.36	11.63	12.90	14.18	 
d	-22.00	-20.40	-18.80	-17.20	-15.59	-13.99	-12.39	-10.79	-9.19	-7.59	-5.99	-4.38	-2.78	-1.18	0.42	2.02	3.62	5.22	6.83	8.43	 
dh	-26.00	-24.29	-22.58	-20.86	-19.15	-17.44	-15.73	-14.01	-12.30	-10.59	-8.88	-7.16	-5.45	-3.74	-2.03	-0.32	1.40	3.11	4.82	6.53	 
dx	-40.00	-37.82	-35.63	-33.45	-31.27	-29.09	-26.90	-24.72	-22.54	-20.35	-18.17	-15.99	-13.81	-11.62	-9.44	-7.26	-5.07	-2.89	-0.71	1.48	 
eh	-28.00	-25.80	-23.60	-21.40	-19.20	-17.00	-14.80	-12.60	-10.40	-8.20	-6.00	-3.80	-1.60	0.61	2.81	5.01	7.21	9.41	11.61	13.81	 
er	-50.00	-47.50	-45.01	-42.51	-40.01	-37.51	-35.02	-32.52	-30.02	-27.53	-25.03	-22.53	-20.03	-17.54	-15.04	-12.54	-10.05	-7.55	-5.05	-2.55	 
ey	-10.00	-8.40	-6.79	-5.19	-3.59	-1.99	-0.38	1.22	2.82	4.42	6.03	7.63	9.23	10.83	12.44	14.04	15.64	17.25	18.85	20.45	 
f	-11.00	-9.51	-8.03	-6.54	-5.06	-3.57	-2.09	-0.60	0.88	2.37	3.85	5.34	6.83	8.31	9.80	11.28	12.77	14.25	15.74	17.22	 
g	-19.00	-17.31	-15.61	-13.92	-12.23	-10.54	-8.84	-7.15	-5.46	-3.77	-2.07	-0.38	1.31	3.00	4.70	6.39	8.08	9.77	11.47	13.16	 
hh	-11.00	-9.43	-7.85	-6.28	-4.70	-3.13	-1.55	0.02	1.60	3.17	4.75	6.32	7.90	9.47	11.05	12.62	14.20	15.77	17.35	18.92	 
ih	-28.00	-26.01	-24.03	-22.04	-20.05	-18.06	-16.08	-14.09	-12.10	-10.11	-8.13	-6.14	-4.15	-2.17	-0.18	1.81	3.80	5.78	7.77	9.76	 
iy	-15.00	-13.23	-11.47	-9.70	-7.94	-6.17	-4.40	-2.64	-0.87	0.89	2.66	4.43	6.19	7.96	9.72	11.49	13.26	15.02	16.79	18.55	 
jh	-29.00	-26.98	-24.96	-22.94	-20.92	-18.90	-16.88	-14.86	-12.84	-10.82	-8.80	-6.79	-4.77	-2.75	-0.73	1.29	3.31	5.33	7.35	9.37	 
k	-7.00	-5.76	-4.53	-3.29	-2.06	-0.82	0.41	1.65	2.88	4.12	5.35	6.59	7.82	9.06	10.29	11.53	12.76	14.00	15.23	16.47	 
l	-61.00	-57.93	-54.86	-51.80	-48.73	-45.66	-42.59	-39.53	-36.46	-33.39	-30.32	-27.26	-24.19	-21.12	-18.05	-14.99	-11.92	-8.85	-5.78	-2.71	 
m	-11.00	-9.39	-7.78	-6.17	-4.56	-2.95	-1.34	0.27	1.88	3.49	5.10	6.71	8.32	9.94	11.55	13.16	14.77	16.38	17.99	19.60	 
n	-27.00	-24.88	-22.76	-20.64	-18.52	-16.40	-14.28	-12.16	-10.04	-7.92	-5.80	-3.68	-1.56	0.56	2.68	4.80	6.92	9.04	11.16	13.28	 
ng	-11.00	-9.75	-8.49	-7.24	-5.98	-4.73	-3.48	-2.22	-0.97	0.29	1.54	2.79	4.05	5.30	6.56	7.81	9.06	10.32	11.57	12.82	 
ow	-19.00	-17.21	-15.43	-13.64	-11.85	-10.07	-8.28	-6.50	-4.71	-2.92	-1.14	0.65	2.44	4.22	6.01	7.80	9.58	11.37	13.16	14.94	 
oy	-28.00	-25.91	-23.83	-21.74	-19.66	-17.57	-15.49	-13.40	-11.32	-9.23	-7.15	-5.06	-2.98	-0.89	1.19	3.28	5.36	7.45	9.53	11.62	 
p	-9.00	-7.75	-6.49	-5.24	-3.99	-2.73	-1.48	-0.23	1.02	2.28	3.53	4.78	6.04	7.29	8.54	9.80	11.05	12.30	13.55	14.81	 
r	-51.00	-48.09	-45.17	-42.26	-39.35	-36.43	-33.52	-30.60	-27.69	-24.78	-21.86	-18.95	-16.04	-13.12	-10.21	-7.30	-4.38	-1.47	1.45	4.36	 
s	-9.00	-7.41	-5.83	-4.24	-2.65	-1.07	0.52	2.11	3.70	5.28	6.87	8.46	10.04	11.63	13.22	14.80	16.39	17.98	19.56	21.15	 
sh	-19.00	-17.13	-15.27	-13.40	-11.54	-9.67	-7.81	-5.94	-4.07	-2.21	-0.34	1.52	3.39	5.26	7.12	8.99	10.85	12.72	14.58	16.45	 
t	-18.00	-16.43	-14.87	-13.30	-11.74	-10.17	-8.60	-7.04	-5.47	-3.90	-2.34	-0.77	0.79	2.36	3.93	5.49	7.06	8.63	10.19	11.76	 
th	-18.00	-16.57	-15.14	-13.71	-12.28	-10.84	-9.41	-7.98	-6.55	-5.12	-3.69	-2.26	-0.83	0.60	2.04	3.47	4.90	6.33	7.76	9.19	 
uh	-35.00	-32.52	-30.04	-27.57	-25.09	-22.61	-20.13	-17.66	-15.18	-12.70	-10.22	-7.74	-5.27	-2.79	-0.31	2.17	4.64	7.12	9.60	12.08	 
uw	-26.00	-23.96	-21.91	-19.87	-17.83	-15.78	-13.74	-11.70	-9.66	-7.61	-5.57	-3.53	-1.48	0.56	2.60	4.65	6.69	8.73	10.78	12.82	 
v	-27.00	-25.10	-23.20	-21.30	-19.40	-17.50	-15.60	-13.70	-11.80	-9.91	-8.01	-6.11	-4.21	-2.31	-0.41	1.49	3.39	5.29	7.19	9.09	 
w	-47.00	-44.16	-41.32	-38.48	-35.64	-32.80	-29.96	-27.12	-24.28	-21.44	-18.60	-15.76	-12.92	-10.08	-7.24	-4.40	-1.56	1.28	4.12	6.96	 
y	-29.00	-26.58	-24.17	-21.75	-19.33	-16.92	-14.50	-12.08	-9.67	-7.25	-4.83	-2.42	0.00	2.42	4.83	7.25	9.67	12.08	14.50	16.92	 
z	-33.00	-30.49	-27.98	-25.47	-22.96	-20.45	-17.94	-15.42	-12.91	-10.40	-7.89	-5.38	-2.87	-0.36	2.15	4.66	7.17	9.68	12.19	14.70	 
zh	-43.00	-40.41	-37.82	-35.23	-32.64	-30.06	-27.47	-24.88	-22.29	-19.70	-17.11	-14.52	-11.93	-9.34	-6.76	-4.17	-1.58	1.01	3.60	6.19	 
