0000 512
 0.08000001 0.08005428 0.08021712 0.08048841 0.080868185 0.08135632 0.08195269 0.08265719
 0.08346957 0.08438966 0.08541736 0.08655226 0.087794185 0.08914289 0.09059796 0.09215909
 0.09382588 0.09559801 0.09747499 0.09945643 0.10154179 0.10373065 0.10602248 0.10841668
 0.11091277 0.11351013 0.116208136 0.11900616 0.12190351 0.12489954 0.12799355 0.13118479
 0.13447249 0.13785589 0.1413342 0.14490661 0.14857227 0.15233028 0.15617976 0.16011983
 0.16414955 0.16826802 0.17247415 0.17676705 0.18114567 0.18560895 0.19015592 0.19478542
 0.19949636 0.20428771 0.20915827 0.21410689 0.21913242 0.22423366 0.22940949 0.23465857
 0.23997968 0.24537167 0.2508331 0.25636286 0.2619595 0.2676218 0.2733483 0.2791378 0.28498885
 0.29090005 0.29687005 0.30289748 0.30898082 0.31511867 0.3213096 0.3275521 0.3338448
 0.34018615 0.34657466 0.35300878 0.35948703 0.36600792 0.37256983 0.37917128 0.38581067
 0.39248648 0.39919707 0.40594086 0.41271633 0.41952184 0.4263558 0.4332165 0.44010246
 0.447012 0.45394346 0.4608953 0.4678657 0.47485322 0.48185605 0.4888726 0.49590126 0.5029403
 0.50998807 0.51704293 0.5241032 0.53116727 0.5382334 0.54529995 0.55236524 0.55942756
 0.5664854 0.57353693 0.5805806 0.5876146 0.59463745 0.6016473 0.6086427 0.61562186 0.62258315
 0.62952507 0.6364457 0.6433436 0.65021724 0.65706474 0.6638847 0.67067534 0.6774352 0.6841626
 0.690856 0.6975138 0.7041344 0.7107163 0.71725786 0.7237576 0.730214 0.7366255 0.7429906
 0.7493079 0.7555756 0.76179254 0.7679571 0.7740679 0.7801235 0.7861223 0.7920631 0.7979444
 0.8037648 0.80952305 0.8152176 0.8208473 0.82641053 0.8319063 0.8373332 0.84268993 0.84797513
 0.8531877 0.85832644 0.86338997 0.8683772 0.87328696 0.878118 0.88286936 0.88753974
 0.89212805 0.89663327 0.9010544 0.90539026 0.90963995 0.9138024 0.9178765 0.9218615
 0.92575645 0.9295603 0.93327224 0.9368914 0.9404168 0.94384784 0.9471835 0.95042306 0.9535657
 0.9566108 0.95955765 0.9624054 0.96515346 0.9678012 0.970348 0.9727932 0.9751364 0.9773767
 0.97951394 0.9815474 0.98347664 0.98530126 0.98702073 0.98863477 0.99014294 0.99154484
 0.9928402 0.9940286 0.9951099 0.99608386 0.9969502 0.9977087 0.9983591 0.9989013 0.9993353
 0.99966085 0.9998779 0.9999864 0.9999865 0.9998779 0.99966085 0.9993353 0.9989013 0.9983591
 0.9977086 0.99695015 0.99608386 0.9951099 0.99402857 0.9928401 0.9915448 0.9901429 0.9886347
 0.98702073 0.98530126 0.98347664 0.98154736 0.9795139 0.9773767 0.9751363 0.9727932 0.970348
 0.9678012 0.96515346 0.9624053 0.95955753 0.9566108 0.9535657 0.95042294 0.9471834 0.9438478
 0.9404168 0.9368913 0.9332721 0.92956024 0.9257564 0.9218615 0.91787636 0.9138022 0.90963984
 0.90539014 0.90105426 0.89663315 0.89212793 0.8875395 0.88286924 0.878118 0.87328684
 0.8683771 0.86338985 0.8583263 0.8531877 0.847975 0.84268975 0.8373331 0.8319062 0.8264105
 0.82084715 0.81521755 0.8095228 0.8037647 0.79794425 0.79206294 0.7861222 0.78012335
 0.77406776 0.76795703 0.7617925 0.75557554 0.7493076 0.7429904 0.7366253 0.7302138 0.7237575
 0.71725774 0.7107162 0.70413435 0.6975137 0.69085574 0.6841624 0.677435 0.67067516 0.6638845
 0.6570646 0.65021706 0.64334357 0.63644564 0.62952495 0.6225829 0.6156216 0.60864246
 0.60164714 0.5946373 0.5876145 0.5805804 0.5735368 0.56648535 0.55942756 0.552365 0.5452997
 0.5382332 0.5311671 0.5241031 0.5170428 0.50998795 0.5029402 0.49590117 0.48887235 0.4818558
 0.47485298 0.46786553 0.4608951 0.45394334 0.4470119 0.44010237 0.43321645 0.42635572
 0.41952157 0.41271612 0.40594065 0.39919686 0.3924863 0.38581055 0.37917116 0.37256974
 0.36600783 0.359487 0.35300857 0.34657446 0.34018597 0.33384466 0.32755202 0.32130948
 0.31511855 0.3089807 0.3028974 0.2968698 0.29089987 0.28498864 0.2791376 0.27334815
 0.26762164 0.26195937 0.25636277 0.25083303 0.24537161 0.23997954 0.23465839 0.2294093
 0.22423357 0.21913233 0.21410677 0.20915815 0.20428765 0.19949633 0.19478539 0.19015574
 0.1856088 0.18114555 0.17676693 0.17247406 0.16826794 0.16414952 0.1601198 0.15617973
 0.1523301 0.14857212 0.14490649 0.14133415 0.1378558 0.1344724 0.13118473 0.1279935
 0.12489954 0.12190351 0.11900607 0.11620805 0.11351004 0.11091274 0.10841665 0.10602242
 0.10373059 0.10154176 0.0994564 0.09747496 0.09559792 0.09382585 0.09215906 0.09059793
 0.08914286 0.087794214 0.08655226 0.08541733 0.08438969 0.08346954 0.08265713 0.08195269
 0.08135632 0.080868185 0.08048844 0.08021712 0.08005428 0.08000001
 0.0 0.0 0.0 0.0 0.0 0.0 0.0 0.0 0.0 0.0 0.0 0.0 0.0 0.0 0.0 0.0 0.0 0.0 0.0 0.0 0.0 0.0 0.0
 0.0 0.0 0.0 0.0 0.0 0.0 0.0 0.0 0.0 0.0 0.0 0.0 0.0 0.0 0.0 0.0 0.0 0.0 0.0 0.0 0.0 0.0 0.0
 0.0 0.0 0.0 0.0 0.0 0.0 0.0 0.0 0.0 0.0 0.0 0.0 0.0 0.0 0.0 0.0 0.0 0.0 0.0 0.0 0.0 0.0 0.0
 0.0 0.0 0.0 0.0 0.0 0.0 0.0 0.0 0.0 0.0 0.0 0.0 0.0 0.0 0.0 0.0 0.0 0.0 0.0 0.0 0.0 0.0 0.0
 0.0 0.0 0.0 0.0 0.0 0.0 0.0 0.0 0.0 0.0
