SIZE: 11 6 300 -336.246 -107535 1
PRIOR: 1 0 0 0 0 3 0
100000,  0.166667+0.166667+0.166667+0.166667+0.166667+0.166667 = 60000 (0,0) 0 100 1 10.496 (-6.90625 1 -336.246)
100000,  5.55537e-06+5.55537e-06+5.55537e-06+0.333328+0.333328+0.333328 = 30000 (0,0) 0 100 1 18.584 (-6.90723 1 -236.533)
  40000,  1.67118e-05+1.67118e-05+1.67118e-05+1.67118e-05+1.67118e-05+0.999916 = 9972 (1,0)
  100000,  8.32127e-06+8.32127e-06+8.32127e-06+0.499284+0.499284+0.00140629 = 20028 (0,0) 0 100 1 14.496 (-6.90677 1 -220.233)
    40000,  1.66185e-05+1.66185e-05+1.66185e-05+1.66185e-05+0.997125+0.00280852 = 10028 (1,0)
    40000,  1.6665e-05+1.6665e-05+1.6665e-05+0.999917+1.6665e-05+1.6665e-05 = 10000 (1,0)
100000,  0.333328+0.333328+0.333328+5.55537e-06+5.55537e-06+5.55537e-06 = 30000 (0,0) 0 100 1 5.504 (-6.90723 1 -92.8065)
  40000,  1.6665e-05+1.6665e-05+0.999917+1.6665e-05+1.6665e-05+1.6665e-05 = 10000 (1,0)
  100000,  0.499983+0.499983+8.33292e-06+8.33292e-06+8.33292e-06+8.33292e-06 = 20000 (0,0) 0 100 1 1.476 (-5.80814 1 -76.5042)
    40000,  0.000616235+0.999317+1.6655e-05+1.6655e-05+1.6655e-05+1.6655e-05 = 10006 (1,0)
    40000,  0.999917+1.6675e-05+1.6675e-05+1.6675e-05+1.6675e-05+1.6675e-05 = 9994 (1,0)
